5
7
8
10
15
17
27
30
32
33
36
40
42
46
47
49
50
51
53
55
56
58
61
65
67
70
71
76
79
80
83
88
91
92
94
95
101
103
104
112
113
118
121
122
126
129
130
133
135
142
145
146
147
148
152
157
158
159
162
164
166
167
171
174
179
180
182
183
187
188
191
200
211
212
213
214
215
218
219
220
223
228
233
234
237
245
246
247
248
249
252
254
259
264
265
267
268
274
276
280
281
285
286
288
290
291
292
293
295
296
298
299
307
310
315
320
324
325
329
334
338
341
347
348
363
368
375
379
380
381
383
389
391
396
398
409
410
411
414
419
426
430
433
436
437
438
439
441
450
452
454
455
459
466
472
476
478
482
488
491
496
498
499
503
505
508
512
519
522
525
531
534
535
553
554
556
559
562
580
583
584
588
597
606
608
614
618
619
622
623
626
632
633
638
639
640
647
649
655
659
661
684
689
691
695
696
699
710
711
712
714
717
718
723
741
745
752
758
759
761
763
769
772
773
777
783
786
788
792
794
797
798
800
804
807
810
822
824
826
830
834
837
843
845
846
852
858
859
860
867
868
872
875
878
887
888
896
898
907
911
913
914
915
917
920
921
923
932
933
937
939
941
945
949
951
958
966
967
972
973
976
978
986
992
993
995
997
1002
1005
1009
1012
1013
1021
1025
1032
1034
1035
1037
1039
1041
1043
1048
1049
1058
1060
1061
1062
1064
1070
1071
1072
1073
1074
1075
1077
1082
1083
1089
1096
1102
1103
1109
1110
1113
1116
1124
1130
1132
1135
1137
1139
1140
1147
1150
1152
1153
1158
1163
1167
1168
1169
1170
1177
1178
1184
1195
1198
1200
1207
1209
1213
1225
1227
1230
1232
1237
1240
1241
1242
1243
1245
1246
1248
1250
1254
1255
1257
1259
1264
1265
1266
1270
1284
1288
1293
1299
1300
1302
1309
1310
1312
1315
1316
1319
1321
1327
1328
1331
1338
1340
1343
1345
1350
1351
1353
1357
1359
1365
1372
1380
1383
1385
1387
1388
1389
1390
1391
1393
1395
1396
1402
1409
1412
1414
1418
1422
1424
1427
1437
1439
1440
1444
1449
1451
1452
1453
1454
1459
1460
1463
1466
1467
1470
1473
1474
1479
1485
1493
1499
1501
1507
1512
1513
1516
1518
1520
1522
1529
1533
1537
1542
1544
1548
1553
1564
1567
1572
1573
1575
1579
1589
1592
1599
1602
1604
1606
1609
1611
1615
1618
1620
1621
1623
1628
1629
1631
1642
1646
1648
1655
1657
1658
1659
1660
1667
1671
1674
1680
1682
1689
1692
1694
1701
1716
1726
1728
1733
1735
1737
1738
1739
1744
1745
1752
1754
1755
1756
1758
1759
1764
1769
1771
1774
1776
1778
1790
1791
1799
1803
1804
1807
1810
1811
1816
1821
1824
1826
1831
1836
1838
1842
1843
1854
1855
1860
1861
1864
1867
1868
1870
1876
1878
1881
1882
1886
1894
1906
1909
1912
1913
1915
1917
1920
1922
1924
1927
1929
1933
1934
1935
1936
1938
1943
1954
1957
1966
1970
1975
1977
1990
1991
1992
1999
2000
2002
2003
2008
2009
2010
2016
2018
2021
2024
2030
2038
2042
2043
2048
2049
2050
2054
2059
2066
2069
2073
2074
2077
2081
2083
2091
2092
2096
2106
2111
2113
2114
2119
2121
2122
2123
2124
2129
2131
2132
2133
2140
2141
2142
2146
2148
2151
2152
2153
2155
2157
2162
2164
2166
2168
2173
2175
2178
2180
2181
2184
2185
2186
2192
2195
2198
2205
2210
2211
2224
2230
2234
2236
2242
2243
2247
2250
2257
2260
2261
2263
2269
2277
2279
2283
2290
2291
2293
2296
2300
2301
2305
2308
2310
2311
2313
2317
2320
2322
2324
2325
2333
2335
2336
2338
2343
2346
2347
2349
2350
2352
2361
2367
2368
2369
2370
2373
2375
2376
2379
2380
2381
2384
2387
2390
2400
2405
2414
2420
2424
2429
2432
2438
2443
2444
2448
2449
2450
2455
2460
2464
2468
2469
2471
2476
2480
2483
2484
2485
2486
2491
2501
2508
2509
2514
2519
2520
2522
2526
2527
2528
2530
2536
2542
2546
2548
2549
2554
2566
2574
2575
2577
2581
2586
2588
2590
2593
2597
2598
2617
2620
2621
2623
2624
2627
2629
2631
2635
2636
2638
2639
2640
2643
2644
2646
2648
2649
2652
2654
2655
2657
2663
2667
2669
2671
2673
2683
2686
2687
2688
2690
2692
2693
2696
2697
2703
2704
2705
2710
2711
2713
2718
2723
2724
2727
2738
2741
2751
2752
2753
2760
2765
2767
2769
2770
2771
2774
2776
2778
2783
2786
2787
2792
2793
2794
2799
2800
2803
2805
2807
2810
2820
2822
2825
2829
2830
2831
2839
2844
2850
2851
2854
2855
2856
2858
2860
2861
2866
2877
2882
2883
2893
2894
2901
2903
2907
2914
2915
2919
2937
2947
2950
2953
2958
2968
2970
2973
2977
2982
2983
2984
2987
2993
3000
3002
3003
3004
3005
3010
3011
3012
3014
3015
3017
3020
3021
3024
3025
3029
3033
3034
3035
3041
3044
3046
3049
3050
3052
3057
3059
3060
3062
3073
3081
3092
3096
3097
3098
3100
3102
3103
3105
3111
3113
3114
3115
3121
3126
3128
3131
3133
3137
3138
3143
3148
3149
3153
3154
3157
3160
3161
3164
3165
3168
3173
3180
3181
3182
3184
3187
3188
3189
3196
3198
3200
3204
3207
3209
3210
3212
3214
3218
3224
3231
3232
3242
3243
3251
3252
3254
3260
3266
3267
3272
3273
3276
3277
3278
3283
3285
3293
3294
3298
3301
3304
3305
3312
3316
3318
3320
3328
3330
3334
3337
3341
3346
3353
3356
3363
3366
3368
3369
3381
3386
3388
3390
3392
3394
3396
3399
3400
3402
3404
3407
3415
3416
3417
3420
3426
3434
3438
3446
3453
3454
3458
3459
3462
3465
3467
3470
3477
3479
3483
3486
3491
3494
3496
3498
3500
3504
3505
3511
3512
3516
3519
3520
3521
3522
3533
3544
3546
3548
3553
3555
3556
3558
3561
3563
3567
3577
3578
3582
3584
3588
3594
3599
3609
3611
3618
3625
3631
3632
3634
3641
3644
3647
3653
3662
3667
3668
3671
3673
3676
3680
3683
3685
3686
3688
3689
3695
3696
3702
3709
3712
3713
3716
3717
3718
3722
3728
3729
3731
3738
3740
3741
3751
3755
3767
3769
3771
3773
3781
3784
3785
3789
3796
3799
3800
3801
3802
3806
3813
3822
3824
3826
3828
3831
3842
3845
3847
3851
3852
3859
3863
3866
3867
3871
3872
3879
3880
3881
3885
3890
3892
3895
3897
3899
3902
3908
3910
3913
3914
3915
3917
3919
3924
3925
3926
3927
3928
3935
3936
3938
3942
3944
3948
3951
3954
3961
3962
3963
3964
3968
3975
3978
3981
3983
3985
3988
3990
3992
3993
3995
3996
4000
4001
4005
4006
4009
4013
4015
4022
4023
4024
4027
4030
4034
4035
4039
4042
4050
4054
4057
4059
4064
4066
4069
4070
4072
4074
4076
4077
4080
4083
4084
4087
4091
4092
4098
4103
4110
4111
4112
4118
4120
4121
4131
4133
4135
4136
4138
4150
4152
4154
4155
4156
4158
4161
4162
4164
4171
4174
4175
4180
4183
4184
4189
4192
4197
4200
4201
4203
4206
4208
4209
4215
4216
4217
4218
4221
4222
4223
4229
4233
4236
4237
4241
4244
4250
4252
4255
4260
4266
4275
4280
4290
4291
4292
4293
4294
4298
4304
4307
4309
4311
4312
4315
4316
4317
4318
4325
4326
4329
4335
4337
4339
4341
4342
4344
4352
4354
4356
4357
4360
4362
4363
4366
4374
4375
4376
4385
4394
4396
4399
4401
4404
4408
4414
4415
4418
4423
4424
4426
4430
4432
4442
4451
4457
4458
4461
4465
4470
4471
4473
4474
4480
4481
4482
4483
4485
4488
4499
4501
4503
4505
4514
4515
4518
4520
4527
4529
4530
4539
4540
4542
4546
4547
4548
4549
4553
4558
4559
4569
4570
4572
4573
4574
4582
4588
4591
4592
4598
4601
4603
4604
4608
4611
4612
4613
4615
4619
4624
4630
4634
4635
4636
4639
4644
4647
4648
4651
4655
4658
4659
4661
4663
4664
4667
4668
4677
4683
4686
4689
4691
4697
4698
4700
4703
4708
4709
4711
4715
4716
4720
4721
4725
4729
4733
4734
4739
4747
4748
4750
4752
4753
4755
4758
4762
4764
4766
4768
4770
4771
4777
4779
4784
4786
4788
4789
4796
4800
4808
4812
4814
4822
4832
4833
4836
4838
4841
4842
4846
4850
4851
4853
4857
4859
4865
4872
4874
4877
4878
4883
4884
4885
4890
4892
4896
4899
4901
4903
4909
4913
4914
4917
4918
4920
4924
4926
4927
4930
4932
4936
4939
4941
4942
4943
4945
4947
4948
4952
4955
4961
4964
4973
4975
4979
4982
4984
4986
4987
4989
4990
4994
5004
5008
5012
5015
5018
5020
5021
5022
5027
5028
5030
5032
5037
5039
5040
5041
5047
5050
5052
5065
5072
5076
5092
5094
5098
5100
5105
5106
5108
5109
5110
5116
5119
5121
5124
5126
5128
5129
5135
5136
5138
5140
5144
5146
5148
5152
5153
5154
5163
5167
5172
5173
5176
5182
5185
5186
5193
5195
5205
5206
5210
5211
5213
5217
5218
5230
5235
5238
5244
5245
5252
5255
5257
5260
5261
5265
5271
5272
5273
5274
5278
5283
5286
5287
5291
5293
5294
5299
5301
5304
5308
5309
5311
5316
5319
5321
5322
5325
5328
5329
5330
5333
5336
5342
5347
5350
5354
5356
5368
5382
5391
5392
5392
5395
5397
5399
5400
5401
5404
5407
5410
5415
5427
5431
5438
5441
5442
5446
5455
5457
5459
5467
5473
5481
5483
5485
5486
5487
5489
5492
5493
5501
5502
5504
5508
5510
5512
5514
5519
5521
5522
5526
5533
5537
5540
5545
5546
5550
5551
5556
5563
5567
5569
5570
5588
5592
5593
5594
5597
5599
5600
5604
5607
5609
5610
5611
5614
5616
5617
5619
5627
5632
5636
5643
5644
5651
5653
5660
5664
5665
5677
5680
5681
5689
5691
5693
5694
5697
5699
5700
5704
5708
5710
5712
5717
5718
5725
5727
5728
5748
5749
5759
5760
5764
5767
5777
5778
5785
5789
5796
5797
5805
5806
5811
5813
5816
5825
5827
5829
5838
5842
5843
5847
5850
5851
5852
5856
5860
5864
5866
5875
5876
5879
5882
5894
5897
5899
5902
5906
5908
5910
5913
5914
5917
5922
5923
5926
5927
5930
5931
5936
5937
5940
5941
5943
5945
5949
5952
5959
5965
5972
5977
5980
5985
5986
5987
5992
5997
5999
6003
6006
6010
6012
6013
6014
6022
6025
6026
6027
6028
6030
6036
6038
6041
6044
6051
6054
6063
6065
6066
6069
6072
6075
6077
6080
6082
6086
6096
6101
6103
6106
6112
6121
6130
6135
6146
6147
6149
6151
6156
6157
6165
6166
6169
6173
6174
6176
6179
6185
6186
6189
6193
6195
6207
6213
6215
6218
6221
6226
6227
6228
6230
6231
6232
6235
6240
6247
6249
6254
6256
6259
6260
6261
6263
6265
6268
6270
6274
6278
6282
6289
6294
6295
6299
6301
6305
6306
6307
6309
6316
6319
6321
6323
6324
6325
6328
6329
6330
6331
6332
6336
6338
6340
6345
6348
6351
6352
6355
6356
6357
6359
6361
6365
6366
6370
6373
6390
6391
6392
6397
6415
6418
6419
6420
6422
6423
6429
6434
6439
6441
6444
6445
6448
6450
6453
6456
6458
6462
6464
6467
6468
6469
6470
6471
6472
6473
6476
6477
6479
6480
6483
6498
6507
6508
6509
6511
6513
6518
6519
6521
6523
6524
6528
6529
6533
6534
6536
6537
6541
6548
6554
6556
6561
6564
6565
6573
6576
6584
6587
6589
6591
6595
6601
6604
6607
6608
6609
6611
6613
6614
6618
6619
6621
6629
6631
6636
6637
6640
6645
6652
6656
6657
6661
6665
6670
6671
6674
6689
6691
6692
6695
6697
6703
6711
6720
6721
6722
6731
6735
6741
6747
6758
6761
6762
6767
6773
6777
6788
6792
6794
6797
6800
6801
6802
6804
6805
6808
6810
6811
6814
6821
6823
6832
6835
6841
6843
6844
6845
6847
6849
6854
6858
6859
6860
6862
6864
6875
6876
6880
6882
6884
6893
6897
6900
6905
6910
6923
6925
6930
6931
6932
6936
6939
6949
6952
6953
6957
6964
6966
6974
6976
6978
6980
6981
6983
6986
6989
6990
6996
6998
7003
7004
7007
7010
7014
7016
7019
7020
7021
7022
7029
7032
7033
7036
7038
7040
7041
7046
7051
7055
7064
7067
7068
7070
7072
7075
7080
7082
7083
7084
7085
7086
7088
7090
7091
7092
7093
7094
7095
7099
7102
7103
7106
7109
7116
7119
7120
7122
7129
7132
7134
7135
7136
7139
7140
7141
7143
7145
7149
7150
7151
7154
7157
7164
7165
7170
7175
7178
7179
7182
7183
7184
7185
7192
7193
7194
7198
7204
7205
7208
7209
7210
7213
7222
7225
7227
7234
7242
7243
7244
7245
7246
7248
7265
7267
7275
7282
7285
7294
7297
7298
7304
7311
7313
7314
7315
7318
7319
7323
7324
7328
7329
7330
7331
7336
7339
7340
7341
7344
7348
7350
7351
7356
7358
7361
7363
7365
7366
7367
7368
7383
7384
7386
7392
7397
7400
7405
7407
7411
7412
7413
7414
7420
7426
7427
7428
7431
7436
7437
7438
7443
7447
7450
7455
7456
7463
7471
7472
7475
7483
7488
7490
7493
7494
7496
7498
7501
7502
7504
7509
7515
7516
7518
7519
7520
7526
7528
7529
7530
7531
7532
7536
7537
7541
7542
7543
7547
7548
7549
7552
7554
7555
7557
7562
7563
7565
7568
7572
7573
7574
7578
7579
7581
7582
7589
7593
7595
7596
7598
7599
7611
7612
7614
7615
7618
7625
7633
7637
7638
7640
7641
7652
7653
7656
7667
7670
7671
7674
7675
7677
7682
7686
7690
7691
7692
7693
7694
7695
7699
7702
7703
7705
7706
7707
7709
7711
7713
7714
7715
7720
7721
7723
7724
7726
7727
7729
7730
7735
7743
7744
7745
7749
7755
7761
7762
7763
7765
7766
7767
7769
7770
7772
7773
7776
7777
7779
7780
7782
7790
7793
7797
7799
7801
7802
7803
7805
7806
7808
7817
7818
7827
7830
7833
7836
7846
7849
7852
7853
7857
7860
7862
7868
7869
7871
7877
7879
7880
7881
7883
7885
7887
7888
7893
7895
7896
7897
7902
7908
7916
7920
7930
7934
7940
7941
7943
7946
7957
7959
7960
7961
7962
7963
7964
7967
7969
7971
7973
7975
7981
7982
7983
7984
7985
7987
7993
7996
7998
8000
8004
8012
8013
8015
8020
8022
8024
8025
8027
8030
8031
8032
8034
8038
8039
8044
8045
8048
8049
8053
8057
8059
8066
8069
8070
8076
8078
8079
8092
8094
8097
8100
8103
8105
8106
8108
8110
8111
8112
8113
8115
8117
8122
8125
8129
8133
8135
8139
8141
8148
8151
8154
8155
8156
8157
8160
8163
8164
8165
8167
8168
8172
8175
8178
8181
8182
8183
8187
8193
8202
8203
8205
8208
8209
8211
8216
8217
8221
8223
8224
8234
8238
8239
8240
8248
8254
8255
8256
8260
8268
8272
8278
8283
8285
8287
8288
8291
8295
8299
8303
8305
8309
8314
8316
8324
8327
8328
8332
8333
8338
8339
8342
8345
8348
8351
8353
8354
8357
8359
8360
8363
8365
8373
8377
8384
8389
8391
8392
8403
8407
8414
8415
8416
8420
8422
8425
8426
8428
8430
8436
8440
8441
8445
8447
8449
8451
8457
8466
8467
8470
8471
8475
8480
8489
8491
8493
8500
8501
8510
8511
8513
8517
8522
8523
8537
8538
8540
8546
8547
8549
8553
8558
8560
8566
8568
8571
8573
8579
8581
8582
8586
8590
8592
8595
8597
8598
8607
8612
8613
8619
8621
8622
8627
8637
8641
8653
8654
8659
8660
8665
8674
8684
8688
8689
8693
8694
8695
8699
8701
8702
8707
8711
8716
8720
8721
8723
8728
8736
8739
8751
8753
8757
8767
8769
8771
8778
8780
8785
8786
8790
8796
8798
8802
8807
8808
8812
8813
8821
8822
8823
8825
8828
8831
8835
8839
8841
8847
8855
8858
8860
8872
8875
8879
8882
8883
8889
8894
8895
8896
8897
8902
8903
8905
8907
8909
8910
8911
8924
8925
8927
8935
8936
8945
8947
8948
8955
8961
8962
8965
8966
8970
8972
8973
8977
8980
8981
8983
8987
8989
8991
8996
8999
9009
9010
9016
9026
9032
9033
9039
9042
9044
9045
9050
9052
9056
9059
9060
9062
9063
9067
9070
9074
9083
9085
9088
9089
9092
9095
9096
9098
9099
9100
9104
9108
9115
9120
9123
9130
9132
9134
9138
9142
9143
9144
9148
9152
9154
9155
9157
9159
9161
9162
9163
9164
9165
9167
9181
9185
9196
9201
9207
9212
9213
9215
9216
9229
9231
9233
9235
9236
9237
9244
9249
9250
9254
9261
9262
9263
9264
9269
9280
9283
9284
9288
9293
9294
9301
9303
9306
9310
9316
9318
9320
9324
9325
9336
9337
9339
9343
9346
9349
9353
9354
9356
9358
9362
9365
9366
9367
9371
9372
9392
9393
9395
9396
9398
9399
9403
9411
9412
9419
9422
9425
9429
9430
9436
9443
9446
9448
9449
9451
9458
9461
9464
9470
9471
9480
9484
9487
9488
9492
9496
9498
9499
9505
9509
9510
9513
9517
9521
9522
9533
9534
9539
9540
9542
9544
9545
9548
9555
9558
9560
9561
9563
9571
9577
9581
9583
9584
9585
9590
9591
9594
9596
9597
9598
9608
9611
9622
9628
9635
9637
9638
9643
9646
9649
9650
9651
9660
9663
9665
9667
9671
9672
9674
9676
9677
9679
9680
9682
9684
9686
9688
9690
9692
9698
9700
9704
9705
9709
9714
9715
9718
9720
9722
9724
9725
9730
9731
9732
9737
9738
9741
9742
9748
9757
9759
9760
9762
9768
9770
9775
9776
9782
9783
9784
9798
9806
9812
9814
9819
9820
9822
9824
9825
9828
9829
9832
9833
9834
9835
9836
9838
9839
9842
9843
9852
9855
9858
9859
9860
9861
9863
9865
9866
9867
9869
9873
9892
9899
9903
9904
9907
9908
9911
9914
9915
9917
9920
9922
9926
9927
9938
9939
9940
9941
9942
9947
9948
9949
9951
9957
9961
9963
9965
9969
9984
9985
9986
9989
9990
9994
9996
9997
10000
Time taken to sort 3001 elements with std::vector:  118342 us
